Ingredient,Count
butter,2154
salt,2120
onion,2098
pepper,490
celery,388
parsley,295
mushrooms,294
potatoes,262
garlic,251
bread crumbs,242
tomatoes,234
green pepper,233
rice,224
chicken broth,204
chicken,177
parmesan cheese,164
carrots,162
cheddar cheese,139
paprika,133
egg,125
clove garlic,120
lemon juice,120
worcestershire sauce,118
thyme,115
black pepper,113
cream of mushroom soup,112
zucchini,105
bell pepper,104
sour cream,104
shrimp,99
ground beef,90
bacon,90
broccoli,82
grated cheese,79
cream of chicken soup,78
chicken breasts,74
oregano,74
basil,71
mayonnaise,66
sage,64
cream cheese,62
garlic powder,58
white wine,57
fresh mushrooms,56
olive oil,56
cabbage,55
corn,54
poultry seasoning,53
tomato sauce,53
sugar,52
carrot,51
heavy cream,50
bread,49
cheese,45
chili powder,43
red pepper,43
crackers,43
bay leaf,43
stalks celery,42
tomato,41
curry powder,40
velveeta cheese,40
boiling water,39
chicken stock,39
mushroom soup,39
yellow squash,38
cayenne pepper,38
mustard,37
cream,37
cornstarch,37
tomato soup,36
parsley flakes,36
brown sugar,36
noodles,35
pimento,34
sausage,34
tabasco sauce,34
all-purpose,33
white pepper,33
lemon,33
cream of celery soup,32
oil,32
nutmeg,31
sherry,31
almonds,30
american cheese,30
swiss cheese,30
cracker crumbs,29
hamburger,29
garlic salt,29
whipping cream,29
tomato paste,29
soy sauce,28
light cream,27
green peppers,27
vegetable oil,27
bread cubes,27
rosemary,26
eggplant,26
mozzarella cheese,26
turkey,24
spaghetti,24
ham,23
spinach,23
baking potatoes,23
head cabbage,23
long grain rice,22
tomato juice,22
green beans,22
dry mustard,22
tarragon,21
wild rice,21
chives,21
raisins,20
horseradish,20
ketchup,20
crabmeat,20
beef,20
green onions,19
fresh parsley,19
macaroni,19
pimentos,19
chicken livers,18
walnuts,18
vinegar,18
water chestnuts,18
catsup,18
pork chops,18
peas,18
crab meat,18
cinnamon,17
okra,17
beef broth,17
celery salt,17
clams,17
marjoram,17
potato,17
dill weed,17
egg yolks,16
oysters,16
apples,16
egg noodles,16
whole kernel corn,15
dill,15
hot sauce,15
fish,15
lean ground beef,15
apple,14
green bell pepper,14
frozen peas,14
kidney beans,14
pecans,14
squash,14
ground pepper,14
frozen broccoli,14
freshly ground pepper,13
sharp cheese,13
ground red pepper,13
bay leaves,13
cottage cheese,13
brown rice,12
ground black pepper,12
cloves,12
olives,12
ground cumin,12
hearts,12
brandy,12
condensed cream,12
ground nutmeg,12
allspice,12
cayenne,12
salmon,12
ro-tel tomatoes,12
chicken bouillon,11
corn flakes,11
sweet basil,11
celery stalks,11
shredded cheese,11
green onion,11
croutons,10
worcestershire,10
pork,10
cold water,10
stuffing mix,10
red wine,10
honey,10
chili sauce,10
freshly ground black pepper,10
celery stalk,9
cheddar,9
white rice,9
cooking oil,9
turmeric,9
shallots,9
beans,9
parmesan,9
corn bread,9
fresh basil,9
tabasco,9
breadcrumbs,9
spaghetti sauce,9
margarine,9
pasta,9
caraway seed,9
cauliflower,9
sauce,8
ground meat,8
frozen,8
pimiento,8
mixed vegetables,8
egg yolk,8
white bread,8
green chilies,8
celery soup,8
barley,8
ground chuck,8
ground sage,8
cornbread crumbs,8
stuffing,8
fryer,7
clam juice,7
pumpkin,7
fresh ground pepper,7
sweet potatoes,7
sauerkraut,7
hamburg,7
orange juice,7
leeks,7
summer,7
ground pork,7
beef bouillon,7
pimientos,7
cream-style,7
elbow macaroni,7
green peas,7
pork sausage,7
hot milk,7
yogurt,7
black-eyed peas,7
salad oil,7
ground coriander,7
pearl barley,7
accent,7
red potatoes,7
chicken bouillon cubes,7
red bell pepper,7
chopped spinach,6
cornish hens,6
cream-style corn,6
regular rice,6
pet milk,6
soda crackers,6
orange,6
artichokes,6
bay scallops,6
wine,6
cumin,6
linguine,6
broth,6
cashews,6
hot water,6
italian seasoning,6
instant rice,6
chicken soup,6
roll,6
fresh green beans,6
onion soup,6
ro-tel,6
bell peppers,6
trout,5
beef consomme,5
beef tenderloin,5
catfish fillets,5
frozen spinach,5
fresh tomatoes,5
shredded monterey jack cheese,5
lasagna noodles,5
roll garlic,5
cooking sherry,5
lemons,5
onions,5
stalk celery,5
frozen corn,5
fresh spinach,5
buttered bread crumbs,5
butternut squash,5
ginger,5
ricotta cheese,5
pepperoni,5
white potatoes,5
chestnuts,5
lemon slices,5
scallops,5
mushroom caps,5
minute rice,5
lemon rind,5
ground cinnamon,5
beef stock,5
buns,5
red,5
fish fillets,5
molasses,5
pine nuts,5
red wine vinegar,5
skinless,4
hock,4
ground cloves,4
stew meat,4
sweet peas,4
broccoli flowerets,4
cornbread,4
stock,4
green chiles,4
white vinegar,4
tomato puree,4
red beans,4
cognac,4
bacon strips,4
green olives,4
mayo,4
lima beans,4
avocados,4
freshly grated parmesan cheese,4
pinto beans,4
potato chips,4
tuna,4
steak,4
italian tomatoes,4
vegetables,4
mushroom stems,4
fresh dill,4
prunes,4
white,4
lemon pepper,4
sesame seed,4
green chili peppers,4
cajun seasoning,4
picante sauce,4
nuts,4
green cabbage,4
ham bone,4
saltines,4
boiling salted water,4
horseradish sauce,4
crawfish tails,4
coarse saltine cracker crumbs,4
vegetable stock,4
lemon wedges,4
ground ginger,4
saffron,4
poppy seed,4
italian sausage,4
fresh cilantro,4
frozen hash browns,4
fresh garlic,4
corned beef,4
flour tortillas,4
herb seasoned stuffing mix,4
apple juice,4
dried basil,4
velveeta,3
hot pepper,3
sweet pepper,3
string beans,3
baking potato,3
ground round,3
scallions,3
jalapeno peppers,3
italian bread,3
cheddar cheese soup,3
buttermilk,3
veal,3
turkey breast,3
ground sausage,3
bay seasoning,3
mace,3
steak sauce,3
mozzarella,3
kitchen,3
processed cheese,3
bourbon,3
plain yogurt,3
thin spaghetti,3
black beans,3
brussels,3
regular white rice,3
baking soda,3
sweet paprika,3
frozen hash brown potatoes,3
parsley sprigs,3
acorn squash,3
fresh asparagus,3
buttered crumbs,3
dijon mustard,3
vermicelli,3
fillet of beef,3
cornbread stuffing mix,3
coarse cracker crumbs,3
red peppers,3
curry,3
red kidney beans,3
extra virgin olive oil,3
gruyere cheese,3
apricots,3
rabbit,3
green chillies,3
tortillas,3
campbell's cream,3
white sauce,3
beer,3
lime juice,3
grated sharp,3
bouillon,3
wide noodles,3
corn muffin,3
romano cheese,3
onion powder,3
cucumbers,3
yellow summer,3
crumbs,3
english cheese spread,3
lamb,3
dried apricots,3
phyllo,3
eggplants,3
slivered almonds,3
fresh corn,3
biscuits,3
center,3
egg whites,3
quail,3
mint,3
peppers,3
spareribs,3
pastry,3
green,3
beef chuck,3
celery tops,3
cranberry sauce,3
cilantro,3
onion salt,3
muffins,3
chicken pieces,3
pumpkin puree,3
wine vinegar,3
navy beans,3
provolone cheese,3
bouillon cube,3
arborio rice,3
salt pork,3
browns,3
+,3
veg-all,3
hot pepper sauce,3
frozen fish,3
light brown sugar,3
green bell peppers,3
snow,3
pepper sauce,3
herb stuffing,3
no,3
rye bread,2
chuck roast,2
process cheese,2
ground white pepper,2
whipped cream,2
shell,2
sour pickles,2
tomato slices,2
liquid from peas,2
crab,2
condensed mushroom soup,2
lamb chops,2
hot sausage,2
red currant,2
red apple,2
hash browns,2
beef round steak,2
ground turmeric,2
chili with beans,2
oranges,2
cheese crackers,2
fettucine,2
tomato wedges,2
fresh chopped parsley,2
campbell's beef broth,2
herb stuffing crumbs,2
dough,2
american cheese slices,2
crushed cracker crumbs,2
barbecue pork,2
leftover meat,2
cream corn,2
feta cheese,2
frozen green beans,2
fresh broccoli,2
liquid,2
filet,2
carnation milk,2
ground turkey,2
great northern beans,2
syrup,2
frozen squash,2
butter beans,2
hot cooked rice,2
ham hocks,2
wesson oil,2
anchovies,2
fresh herbs,2
white onions,2
fettuccine,2
turkey broth,2
liquid red pepper,2
snow peas,2
popcorn,2
corn kernels,2
cherry tomatoes,2
barbecue sauce,2
coffee cream,2
coriander seed,2
flat leaf parsley,2
black peppercorns,2
apple cider,2
frozen cauliflower,2
season,2
crawfish,2
alfalfa sprouts,2
lentils,2
cranberries,2
turkey gravy mix,2
beef bouillon soup,2
marjoram leaves,2
frozen mixed vegetables,2
broad noodles,2
sunflower seeds,2
mushroom,2
chile powder,2
golden mushroom soup,2
whole clams,2
diced cheese,2
grape,2
mushroom pieces,2
italian seasonings,2
red kidney,2
baby carrots,2
cauliflower flowerets,2
filet mignon,2
vegetable broth,2
frankfurters,2
flaked coconut,2
fish stock,2
loin pork chops,2
consomme soup,2
cream mushroom soup,2
chicken breast,2
green grapes,2
mirlitons,2
del monte,2
balsamic vinegar,2
lemon wedge,2
head red cabbage,2
fresh thyme,2
fresh,2
cornbread mix,2
cardamon,2
peanuts,2
peg corn,2
hot mashed potatoes,2
corn tortillas,2
romano,2
rolls garlic,2
butter crackers,2
sweet red pepper,2
capers,2
anise seed,2
italian bread crumbs,2
linguini,2
maple syrup,2
baking powder,2
white chicken,2
black olives,2
fresh shrimp,2
long grain white rice,2
american,2
lobster,2
red cabbage,2
cooking wine,2
summer sausage,2
pie crust,2
gravy,2
salad dressing,2
peach halves,2
leftover gravy,2
whole wheat bread crumbs,2
irish potatoes,2
skins,2
mushroom sauce,2
your choice,2
crookneck squash,2
moisten,2
corn bread crumbs,2
lesueur peas,2
consomme,2
egg beaters,2
chops,2
ground veal,2
tarragon vinegar,2
cucumber,2
yellow cornmeal,2
yellow onion,2
mandarin oranges,2
meat,2
liverwurst,2
frozen puff pastry shells,2
cream of mushroom,2
heavy whipping cream,2
uncle ben's rice,2
herb stuffing mix,2
crescent rolls,2
mandarin juice,2
crisco oil,2
seasoning,2
cinnamon stick,2
flounder,2
slivered green pepper,2
teriyaki sauce,2
philadelphia cream cheese,2
onion soup mix,2
italian salad dressing,2
white crab meat,2
thin,2
stewing chicken,2
mandarin,2
pork roast,2
bean sprouts,2
turkey gravy,2
turkey stock,2
crumbled biscuits,2
red apples,2
bacon drippings,2
bacon bits,2
chuck,2
watercress,2
white fish,2
white wine vinegar,2
tart apples,2
dark molasses,2
alfredo sauce,1
madeira wine,1
bread stuffing,1
kernel corn,1
frozen green peas,1
sweet,1
cocktail sauce,1
home canned tomatoes,1
mixed chinese vegetables,1
fresh ripe tomatoes,1
tartar sauce,1
egg bread,1
green tomato,1
marsala wine,1
cooked sweet potatoes,1
frozen kale,1
chili peppers,1
red chili peppers,1
lime slices,1
powdered ginger,1
fries,1
sour cram,1
gumbo file,1
ground steak,1
longhorn cheese,1
fettuccine noodles,1
fines herbes,1
additional salt,1
orange peel,1
dashes,1
n,1
fresh crabmeat,1
orange rind,1
hot red pepper sauce,1
sweet italian sausages,1
bottles,1
lean beef,1
frozen snow,1
firm,1
fresh tomato,1
poultry season,1
cider vinegar,1
oregano leaves,1
chicken tenders,1
summer squash,1
long grain brown rice,1
crushed soda crackers,1
northern beans,1
ground,1
biscuit dough,1
frozen artichoke,1
pepperoncini,1
fresh italian parsley,1
penne pasta,1
white crabmeat,1
boiled rice,1
spray,1
legs,1
carnation cream,1
cubed cheese,1
boneless stew beef,1
cream style corn,1
garlic croutons,1
handful,1
sweet butter,1
salmon fillet,1
anchovy paste,1
pernod,1
warm milk,1
chili beans,1
whole wheat breadcrumbs,1
bite-size,1
salad supreme,1
sage sausage,1
orange marmalade,1
red grapes,1
yellow pepper,1
light raisins,1
freshly squeezed lime juice,1
stale bread,1
bunches,1
italian,1
pickling spices,1
monosodium glutamate,1
frozen artichokes,1
crawfish meat,1
cream sauce,1
poultry,1
fresh fettuccine,1
hollandaise sauce,1
orange roughy,1
yellow wax beans,1
cooking barley,1
frozen shoe peg corn,1
stack,1
fish steaks,1
jumbo shrimp,1
golden delicious apple,1
herb,1
pickle relish,1
beef stock base,1
spaghetti sauce seasoning,1
rolls,1
english cheese,1
yellow mustard,1
bread crumbs with,1
couscous,1
yams,1
red salmon,1
filets,1
hard rolls,1
cold milk,1
garam masala,1
cream of tomato soup,1
mint sprigs,1
herb croutons,1
shoulder roast,1
sour,1
italian stewed tomatoes,1
ground venison,1
loose-pack,1
haddock fillets,1
fresh green peas,1
cream of wheat,1
instant chicken,1
blanched almonds,1
ground deer meat,1
medium wide noodles,1
yellow rice,1
apple rings,1
lime,1
cubed beef,1
piquant sauce,1
fresh salmon,1
chorizo sausage,1
sea scallops,1
yellow cream,1
ham hock,1
roasting chicken,1
miracle whip,1
golden delicious apples,1
golden raisins,1
red tomatoes,1
veal scaloppine,1
all-purpose flour,1
ready,1
broiler-fryer,1
tortellini,1
locatelli cheese,1
refrigerator crescent rolls,1
shredded red cabbage,1
pork loin chops,1
dressing,1
pheasant,1
fat,1
beef stew meat,1
salad shrimp,1
dry white,1
thin bread,1
natural cheese,1
boneless beef round steak,1
fresh apples,1
unsweetened applesauce,1
boneless chicken,1
frozen butternut squash,1
regular,1
white cabbage,1
vienna sausage,1
fresh buttered bread crumbs,1
vanilla,1
veal scallopini,1
mashed potatoes,1
cracked black pepper,1
beef cubes,1
pizza sauce,1
cold,1
kidney,1
warm cream,1
cajun spice,1
sweet milk,1
flat beer,1
oleo,1
's seasoning,1
ro-tel brand tomatoes,1
flank steak,1
kielbasa,1
fresh okra,1
pumpkins,1
pumpkin seeds,1
tortilla chips,1
sweet red,1
fresh ground black pepper,1
chuck steak,1
head of cabbage,1
green chile peppers,1
white cooking wine,1
baby clams,1
beef consomm,1
frozen broccoli flowerets,1
ground oregano,1
uncle ben,1
almond slivers,1
scallion greens,1
sherry wine,1
linguine noodles,1
boiled squash,1
fresh nutmeg,1
gallon water,1
rotini,1
ripe olives,1
red cayenne pepper,1
regular-strength beef broth,1
coffee,1
fresh rosemary,1
garbanzos,1
seashell macaroni,1
turmeric powder,1
unsalted dry-roasted peanuts,1
chicken granules,1
orzo,1
squirrel,1
white meat,1
whole wheat flour,1
white beans,1
ground lean beef,1
broiler-fryers,1
freshly squeezed orange juice,1
freshly squeezed lemon juice,1
generous,1
freshly grated parmesan,1
grated new,1
powdered sage,1
bouquet garni,1
herb dressing,1
hot cream,1
light corn syrup,1
vanilla extract,1
peppercorns,1
whole wheat bread,1
beef sirloin steak,1
pods,1
dry wine,1
cooked linguine,1
granny smith apples,1
sweet potato,1
chicken with,1
mixed dried fruit,1
mixed nuts,1
creole seasoning,1
dried navy beans,1
chilies,1
monterey,1
cream of shrimp soup,1
brussel sprouts,1
grated coconut,1
hominy grits,1
claret,1
red vinegar,1
mashed squash,1
barbecue beef,1
pineapple juice,1
red bell peppers,1
green noodles,1
white and,1
vegetable soup,1
yoghurt,1
grated monterey,1
cola,1
rutabaga,1
italian-style bread crumbs,1
loin roast,1
solid pack tomatoes,1
tomato ketchup,1
tomato sauce with,1
fritos,1
dumplings,1
long grain,1
taco seasoning mix,1
hard cheese,1
liquid from beans,1
barbecue chicken,1
capellini,1
marinara sauce,1
sweet corn,1
coarse,1
buttered soft bread crumbs,1
monde,1
frozen cod,1
soda water,1
bouillon cubes,1
frozen salad shrimp,1
basmati rice,1
ground saffron,1
hidden valley dressing,1
fresh lump crabmeat,1
head cauliflower,1
hen,1
herb seasoned stuffing,1
sugar substitute,1
a.,1
whole grain corn,1
cream of chicken soup or mushroom,1
skillet cornbread,1
mashed cooked potatoes,1
stuffing croutons,1
batter,1
bread slices,1
beef short ribs,1
brown mustard,1
meat broth,1
evaporated milk,1
pancetta,1
country sausage,1
fryer breasts,1
jumbo shells,1
peaches,1
acorn,1
guacamole,1
berries,1
italian sausage links,1
diet sweetener,1
deli,1
lean meat,1
cheese whiz,1
sprinkles,1
spinach leaves,1
jumbo lump crabmeat,1
italian style bread crumbs,1
neck,1
hot pork sausage,1
yellow hominy,1
bitter chocolate,1
frozen flounder,1
baking apple,1
flour mixed,1
beef stew,1
jalapeno pepper cheese,1
lean bacon,1
italian sweet sausage,1
fresh peas,1
chicken breast cutlets,1
cooked roast beef,1
hot cooked pasta,1
white mushrooms,1
melba,1
shortening,1
frozen lemonade concentrate,1
frozen puff pastry sheets,1
egg wash,1
pastry shell,1
cajun,1
yellow cheese,1
seafood seasoning,1
hot roll,1
red hot pepper,1
penne,1
turkey breast slices,1
lemon zest,1
beef gravy,1
speck of pepper,1
chickpeas,1
nonfat,1
crabs,1
chicken flavored,1
livers,1
cream of chicken,1
chicken stuffing mix,1
dark red kidney beans,1
several stalks celery,1
chickens,1
quahogs,1
italian breadcrumbs,1
white onion,1
blanched slivered almonds,1
campbell's golden mushroom soup,1
herb flavored stuffing mix,1
light molasses,1
apricot preserves,1
cashew nuts,1
bay,1
cannellini beans,1
pineapple chunks,1
italian plum tomatoes,1
microwave,1
chicken bouillon cube,1
tenderizer,1
loaves,1
dried leaf tarragon,1
chinese noodles,1
button mushrooms,1
round rye,1
fresh squash,1
sweet red bell pepper,1
red sweet pepper,1
frozen pea pods,1
fresh carrots,1
heavy sweet cream,1
summer savory,1
chervil,1
chicken stock base,1
glass water,1
glass white wine,1
campbell's,1
lump crab meat,1
suet,1
boneless beef,1
green peppercorns,1
dried red kidney beans,1
lump crabmeat,1
orange sections,1
ranch salad dressing,1
mushroom gravy,1
hot buttered noodles,1
tart apple,1
patties,1
milk,1
oyster crackers,1
stalks asparagus,1
green mango,1
broccoli pieces,1
chicken gumbo soup,1
party bread,1
ground lamb,1
hash brown potatoes,1
fish fillet,1
polish sausage,1
lean stewing beef,1
hot broth,1
dried leaf thyme,1
dried leaf basil,1
cornbread stuffing,1
baby shrimp,1
stew beef,1
pineapple,1
mild cheese,1
bass,1
your favorite pasta,1
chopped meat,1
recipe cornbread,1
tortilla,1
gelatin,1
clove,1
sweet sherry,1
unsweetened chocolate,1
vermouth,1
regular flour,1
leaf thyme,1
pastry shells,1
chicken gravy mix,1
steamed rice,1
fresh crab,1
corn bread stuffing,1
egg substitute,1
sweet vermouth,1
fine cracker crumbs,1
pasta noodles,1
petite peas,1
elbow spaghetti,1
backfin crabmeat,1
lean ham,1
mexicorn,1
ground blanched almonds,1
yellow beans,1
ground sirloin,1
shell macaroni,1
farina,1
chicken parts,1
ground round steak,1
crust,1
mint jelly,1
corned beef hash,1
fresh breadcrumbs,1
thompson,1
dairy cream,1
whipping,1
italian sweet sausages,1
california,1
caraway seeds,1
walnut halves,1
seasoned stuffing mix,1
boned chicken,1
white bread crumbs,1
phyllo pastry,1
low-fat sour cream,1
corn syrup,1
fresh oysters,1
salami,1
loin chops,1
crisp bacon,1
amount,1
grape leaves,1
worchester sauce,1
pie shell,1
jumbo pasta shells,1
hot dogs,1
fresh ginger,1
only,1
crumbled cornbread,1
ginger paste,1
ground chicken,1
beets,1
hot rice,1
unsweetened coconut milk,1
crab boil,1
ricotta,1
fresh pea pods,1
oyster sauce,1
spaghetti mix,1
yellow bell pepper,1
frozen limas,1
shredded monterey,1
corn oil,1
chutney,1
broth from chicken,1
mix,1
frozen broccoli florets,1
ears of corn,1
cold mashed potatoes,1
tarragon leaves,1
swiss,1
kielbasa sausage,1
wide egg noodles,1
pats of butter,1
fryers,1
italian parsley,1
venison,1
sour milk,1
ground thyme,1
whipped cream cheese,1
clam broth,1
red crushed pepper,1
lean ground chuck,1
fresh squeezed lemon juice,1
frozen phyllo pastry,1
c.milk,1
seasoning salt,1
cream soup,1
coriander,1
pork tenderloin,1
fennel seeds,1
nonstick vegetable cooking spray,1
brown lentils,1
red snapper,1
angel hair pasta,1
extra lean ground beef,1
season-all,1
bacon fat,1
pork loin roast,1
bisquick,1
saffron threads,1
green lima beans,1
cream of potato soup,1
frozen broccoli cuts,1
cooking apples,1
limas,1
herbs,1
giblets,1
bell,1
duck,1
grapes,1
green sweet pepper,1
fresh chili peppers,1
orange zest,1
vermicelli spaghetti,1
campbell's creamy,1
level,1
roux,1
freshly squeezed lemon,1
cornflake crumbs,1
shredded sharp cheddar cheese,1
goose,1
frozen okra,1
condensed milk,1
boiled shrimp,1
prawns,1
fresh cream,1
pistachio nuts,1
currants,1
ramen noodles,1
cornmeal,1
active dry yeast,1
taco sauce,1
corn bread stuffing mix,1
herb seasoned croutons,1
jalapeno pepper,1
crust pie,1
taco,1
corn starch,1
hot peppers,1
meal,1
lean ground meat,1
cardamom,1
fettucini,1
coconut milk,1
cream of celery,1
carnation,1
virgin olive oil,1
cumin powder,1
dried marjoram,1
boneless pork loin roast,1
seasonings,1
bbq sauce,1
head broccoli,1
brown gravy mix,1
elbow noodles,1
heavy,1
corn chips,1
fresh broccoli flowerets,1
sweet peppers,1
